000000000001100000
001111000000011001
001010000000001000
001111010110000100
000000000000100101
000000111111110000
011001100110000100
001111000100001110
001111001000000111
001111001100001101
000000001000100011
000000001100100010
111101000100000000
111101000100000000
000100000100000000
101000000000001010
000000000001100000
000010001000000000
000010001000000000
000010001000000000
000010001000000000
000010001000000000
000010001000000000
000010001000000000
000010001000000000
000001010000100010
000000010001000010
101100000000010001
000000000001100000
000010010010101101
000100010010101101
101100000000011101
000000000001100000
